score: 41.863734
duration: 833.299628
